-0.53266|-0.33588|0.27431|-0.47801|-0.35825|-0.55135|-0.25949|-0.75982|0.76672|-0.24448|0.34514|0.085831|-0.46661|0.27817|0.058912|0.19951|-0.0091729|0.092928|0.10308|-0.29606|-0.96152|-0.35506|-0.49716|0.35588|-0.48848|-0.97249|-0.47169|0.18097|0.07295|-0.42103|1.4473|-0.012|-0.78578|0.87558|0.47726|1.3328|0.45621|0.53983|0.35923|-0.64738|0.50271|0.56618|-0.34991|0.38115|0.26235|-0.7371|1.1642|-0.83357|0.15256|-0.21117
-0.24994|0.0036471|1.4236|0.85873|-0.62122|-0.12653|-1.4521|-0.80398|-0.30177|-0.050304|0.38546|0.14871|-1.7639|-0.63428|0.22417|-0.70888|-0.67704|1.6502|-0.40788|-2.2667|-0.75398|-0.30691|-0.010914|0.36784|-0.79643|0.54903|-0.82903|0.20627|0.86996|0.35901|0.41665|-0.40342|-1.1417|0.35673|2.1223|-0.36169|-0.25211|-0.15929|0.057943|-0.40356|-0.29149|-0.38575|-0.25396|-1.6915|-0.74305|0.4062|0.064043|-0.68679|0.43802|0.22521
-0.13838|0.30237|0.16984|0.064703|0.12852|-0.33685|0.44458|-1.0839|-1.7334|-0.045141|0.33766|-0.092158|-0.3947|-0.1164|-0.08959|-0.21068|-1.3959|0.19667|0.58341|0.59818|-0.25837|-0.70347|-0.27191|-1.4867|1.0072|-1.3806|-1.4081|-0.54136|-0.63197|-0.27335|0.83142|-0.01971|-0.5031|0.0382|-0.95931|-0.084341|-0.031023|0.90776|-0.59457|1.0749|-0.9399|-0.29598|-0.35559|-0.027017|1.2552|-1.2171|-0.4063|-1.2736|0.53024|-0.75672
0.26909|0.13603|-0.53697|-0.19416|0.42944|-0.13294|0.53324|-0.10567|0.22092|-0.033027|0.10538|-0.083286|-0.40988|-0.37621|-0.39115|0.25998|0.067152|-0.34213|1.2062|0.042669|-0.12081|0.33861|-0.073232|-0.52277|0.79584|-0.87026|0.18258|0.3545|0.19424|0.34881|1.7645|0.80186|-0.54215|-0.55521|-0.60223|-0.50828|-0.20156|0.1992|-1.0443|0.25026|-0.12082|-0.64216|0.025349|-0.38579|0.2446|0.12391|-0.40643|1.4513|0.21081|0.081033
0.57938|0.82062|-1.5871|-1.1985|0.30945|0.45829|-0.10541|-0.99849|-1.8561|0.11954|-0.68363|0.1851|-0.081487|0.52177|-0.57291|-0.083723|-0.015397|-0.30518|-0.36955|0.046521|-0.081846|-0.34378|-1.9046|0.24328|-0.065309|0.065088|-1.403|0.62811|-0.11476|0.29779|1.6718|-1.6138|1.116|-0.15704|0.0035217|0.76453|0.15652|-0.52689|-0.54784|-0.21975|0.5069|-0.12008|-0.075119|0.025023|-0.16516|1.4557|0.48765|-1.1191|-0.51196|-1.0154
-0.5565|0.12175|-0.38042|-0.05982|0.3703|-0.1341|-0.99118|-0.66348|-1.0864|0.43971|-0.34659|0.34583|-0.27262|-1.2019|0.031173|0.060153|0.5402|-0.17826|-0.42305|0.90708|0.22066|-0.0013721|-0.28784|0.03522|-0.054562|-0.67472|0.35971|-0.38006|-0.36991|-0.82102|0.38856|-0.56153|0.27022|-0.77536|0.42931|-0.011954|0.047132|0.29129|0.65535|0.64946|0.17176|0.79659|-0.91662|-0.63663|-0.47763|0.78646|-0.26319|-0.45325|0.090909|0.48164
0.24068|-0.32435|0.37398|-0.81352|-0.47563|0.50026|-1.0037|1.5359|0.39041|-0.15585|-0.02514|-0.29289|1.085|-0.010186|0.65473|-0.86442|-0.49648|0.17552|-0.9561|-0.23058|-0.38533|1.2348|0.76533|0.17748|1.6145|-0.91792|0.15896|0.25128|0.020312|-0.03688|0.96791|-0.18865|0.52764|0.37543|-0.034134|0.25425|0.032548|-0.95931|0.81883|0.21374|-0.71826|0.29343|0.63817|0.13136|0.46799|-0.80726|-0.54063|-1.2418|0.67708|-1.5353
0.81267|0.36779|-0.37614|0.2814|0.44949|0.5371|1.7487|-0.74803|0.19689|0.58724|-0.042416|0.27374|-0.42667|-0.78504|0.17716|-0.14112|0.09303|0.42055|0.60491|-1.4409|-0.15742|-0.28298|-0.2412|-0.35079|0.80095|-0.25382|-1.1241|0.08553|0.70489|0.70151|2.1251|-0.10783|0.21144|-1.3319|0.33911|0.23538|-0.99417|0.55907|0.060188|0.25122|0.2153|0.20443|0.13372|0.60662|-0.80064|0.27913|1.5932|0.92082|-0.20654|0.25933
-0.47873|0.9576|-0.18979|-0.42448|-0.70235|1.7008|0.28266|-0.24317|0.99706|-0.60734|0.59643|-0.10796|0.53332|-0.72187|0.8716|-0.47647|-0.62062|0.2273|0.90467|-0.25605|-0.8616|0.36101|-0.8281|-0.028831|0.25052|-0.79576|-0.44637|-1.0085|-0.42375|0.7434|1.7831|0.9506|-0.15515|-0.90175|-0.7207|0.20182|0.55453|-0.43826|0.93938|-0.70397|-0.3368|-0.73373|0.51217|1.8741|-0.72521|-1.3323|0.001232|0.55162|0.38474|0.5738
-0.41239|0.82575|-0.66468|-0.48464|0.15953|0.808|-0.63526|-0.72201|0.070256|0.81447|-0.66128|0.91699|-0.67799|-0.24268|1.6285|-1.0328|-0.64959|0.1376|0.12216|0.92752|0.39275|0.92571|0.84225|-0.38045|1.0435|-0.77538|-1.014|-0.10492|0.073524|0.09478|0.84641|-1.2523|-0.41374|0.14715|-0.61155|0.19129|0.095221|0.10958|-0.55889|-0.6073|0.50575|-0.31481|-0.75688|-0.18428|-0.64848|-0.2334|0.23675|-0.19465|-0.62513|0.083247
0.33078|1.6207|-0.026382|0.28039|0.72274|-1.136|0.099802|-0.11856|-1.1893|-0.71669|-0.49047|0.4426|0.23746|0.43753|0.080907|-0.29455|-2.1178|0.39255|1.2537|0.33953|0.27784|-0.4152|0.038721|-1.4272|1.5853|-1.4702|0.7621|0.029052|-1.337|0.40903|1.5884|0.61662|-1.0614|0.33763|-0.6386|-0.63353|-0.14079|1.2539|-1.5707|0.30762|-0.89403|-0.41958|-0.59499|-0.7903|0.50512|0.41818|-0.51248|0.34478|-0.2728|-0.49405
-0.033986|-0.75185|-0.066049|-0.4369|1.2513|-1.1345|0.59866|-0.10327|0.06297|0.23953|0.20708|0.32654|-1.6479|-0.49912|-0.51785|0.13706|-0.095284|-0.72257|0.59753|1.1168|-0.77951|1.2265|1.4285|0.34464|-0.67554|-0.67648|0.35403|-0.082596|-0.97849|0.38062|0.75396|-0.66512|-0.025415|0.67978|1.1523|-0.041226|0.41132|0.53155|0.60619|1.3947|0.42547|0.83652|-0.27725|0.034576|0.93608|-0.037465|-0.42515|0.63312|0.864|-0.017626
0.59001|0.018295|-1.0709|-0.14745|0.63009|-0.47482|-0.18238|-0.1878|-0.63548|1.1604|-1.4343|-0.10572|0.0058329|0.17983|0.73328|-0.92371|0.64621|0.70564|-0.33843|-0.35862|0.30672|0.998|0.30704|0.85504|1.0203|-0.018841|-0.414|0.32071|0.84763|-0.22721|1.5996|0.55843|0.5358|-0.46006|-0.12223|0.81003|-0.22595|1.1878|-1.6537|-0.92586|0.6486|-0.08298|-0.16101|0.67508|0.25793|0.47877|-0.045513|0.31747|0.028036|1.0461
-0.25583|-0.33942|-0.48757|-0.64196|-0.27827|0.24376|0.83016|-0.4875|-0.11616|0.019257|0.54814|0.10093|0.20696|-0.0042312|0.28991|0.32115|-0.069108|-0.063448|0.56877|-0.36785|-0.12173|-0.96986|-1.0306|-0.73754|0.44778|-0.053118|-0.040473|0.15036|0.77372|0.83361|2.6965|0.31162|0.012335|0.1558|0.0097397|0.29636|0.36417|0.11868|0.92739|0.0081412|-1.0598|-0.1965|-0.10875|0.34801|-0.59129|-0.92393|1.4503|1.3276|0.61825|1.0038
0.473|0.19281|-0.2186|0.29007|0.91747|1.3722|-0.044583|0.41974|-0.2522|0.21421|-0.67435|-1.0378|-1.0744|0.18651|1.2556|-0.82926|-0.7473|-0.23752|-0.5928|1.0271|0.33656|0.83396|-0.33471|0.36102|-0.76975|-1.8155|-0.47002|-0.31187|0.02573|0.18678|0.068417|-0.72094|-0.66867|-1.045|0.36221|0.042973|-0.056068|-1.0563|0.22943|0.0050427|-0.83466|0.62125|-0.32523|-0.64168|1.0947|-0.28671|-0.20333|-0.11455|0.82952|-0.64426
-0.84991|0.328|-0.34852|0.051828|0.67547|0.28165|-0.52731|0.8673|-0.097525|0.32247|0.28789|-0.72907|-0.81145|0.23083|0.63162|-0.4|-0.26582|0.093509|-0.13334|0.99988|-1.099|1.0924|-0.9136|0.11245|0.030371|-1.5887|0.68763|-0.29457|0.043424|0.47817|0.85444|-0.23698|-0.020011|0.73605|0.81089|0.28022|-0.35111|0.51188|0.25711|-0.7281|-0.31779|0.30591|0.21162|-0.091485|0.586|-0.5409|0.41388|-0.10477|-0.11992|-0.3466
1.6571|1.4021|-1.1273|-0.98456|0.72826|-0.7965|-0.23841|0.2476|1.1473|0.60096|-0.68528|-0.70249|0.57649|-0.42752|0.69735|-0.020093|0.18524|-0.49025|-0.44574|1.3859|0.14943|-0.59916|-0.79994|0.89492|0.57647|-0.80467|-0.10543|-0.55777|0.0077075|0.14025|1.3746|1.0948|-0.50065|0.43508|0.01801|0.18319|0.59055|-0.093179|-1.2288|1.6852|-0.80572|0.29431|-0.95048|0.41281|0.13903|0.29341|-0.35891|-0.34603|-0.43571|-0.92967
0.37892|-0.094064|0.29515|-0.39989|1.3207|-0.0084049|0.83471|-0.36975|1.0064|0.56719|0.87348|0.26237|0.71964|-1.0343|0.47957|0.2398|0.63864|0.31365|-0.43649|-1.0151|0.37928|-1.3027|0.57225|-0.50519|-0.26228|-0.71478|-0.85283|0.34818|1.2518|0.49996|1.9067|-0.54493|0.32417|-0.47227|0.93503|0.61512|-0.12444|0.74406|-0.21433|0.84133|0.71484|0.26892|0.24873|0.24516|-0.35082|-0.69335|0.037112|1.1162|0.20972|-0.4803
-0.96847|-0.59865|-0.34468|-0.93131|0.49513|0.014745|0.39622|-1.2772|1.4197|0.23596|0.9222|0.00095362|1.1005|0.47692|1.4847|0.76017|0.91013|-0.032044|-0.057417|-0.64005|0.75554|-1.565|0.43746|-0.25822|-0.64429|-0.38024|0.67215|0.14146|0.059807|0.91205|1.6188|0.73348|-0.77664|1.2696|-0.26277|-0.35033|0.35963|-0.10255|-0.53221|0.22167|-0.94608|0.12755|0.33723|0.41203|-1.119|-0.53784|-0.0026736|0.89333|-0.35294|-0.48935
-1.0522|0.50127|0.45641|0.97917|-0.14016|-0.16442|-1.3971|0.19531|-0.54172|0.34049|0.2697|1.4335|-0.8164|-0.020601|0.95073|0.13073|0.937|-0.050378|-0.13289|-0.00076263|-0.091918|0.26541|-0.029369|-0.17075|0.77063|-0.00039874|0.46742|-0.10318|0.0088577|-0.54601|0.3688|-0.48731|0.53769|-0.53595|-0.45512|0.34139|-0.16491|-0.65411|0.88233|0.10473|-0.4523|0.6501|-0.69621|-0.89461|0.1343|-0.044653|-0.5599|-0.27073|0.44592|0.06743
-0.27173|0.10909|-0.040487|-0.058926|-0.18705|-1.2146|-0.96467|-0.69125|0.59852|-0.31872|0.021436|0.1047|0.65968|0.72173|0.17454|-0.27134|-1.5875|-0.42022|-0.3017|0.49053|0.80026|0.31806|0.53791|0.44712|-0.058191|-0.37106|-0.22784|0.26091|-0.74634|0.02119|1.6589|-0.45937|0.10926|-0.61187|-1.0615|-0.19477|0.27226|-1.0969|0.57858|-0.074422|0.84492|-0.52988|-0.17898|0.68751|0.1612|0.3434|0.42059|0.98436|0.85362|-0.073241
-1.3785|0.18353|0.41213|0.56843|-0.018224|-1.2081|-1.2646|0.25267|-1.1332|0.75429|-0.34833|0.21026|-0.99748|0.13871|-0.13604|-0.47682|-0.33574|-0.70684|-1.2117|-0.39777|-1.2526|0.23064|0.16964|-0.84562|-1.327|0.050263|0.45679|0.4963|1.1926|-1.6308|0.5072|0.81221|0.048282|-0.50054|0.97846|-0.14205|0.25199|0.093838|1.1157|0.038119|-0.69298|-0.17811|0.3617|0.31782|-0.47988|0.78424|-0.20422|0.41504|0.20823|0.87458
0.30004|-0.33892|0.50831|0.17248|-0.48745|-0.39922|-0.91746|-0.38528|0.051469|-0.53454|-0.39729|0.50718|0.0035421|0.078883|-0.2875|-0.11557|0.73617|0.52733|0.23887|-1.2996|1.4157|0.55307|-0.0092602|-0.15341|-0.48393|-0.33367|-0.91831|-1.2693|-0.9173|0.27169|1.1187|0.35783|-0.041748|-1.074|0.029543|-0.12523|-1.0113|0.19727|1.0059|-0.33248|0.10583|-0.10333|0.41943|1.2486|0.51884|-0.87088|-0.32298|0.83919|0.098518|1.1232
0.66026|-0.33248|-0.020218|-0.0038931|0.069415|0.70075|0.06686|0.48811|-0.38642|-0.37312|-0.56359|0.2461|-0.41505|0.14044|-0.35654|-0.10206|-1.0908|-1.4551|0.90228|-1.085|0.28143|1.0297|1.0382|-0.11431|0.77017|-0.40658|-0.90542|0.12352|0.17444|0.51512|1.7129|0.1131|0.29272|-1.4455|0.60931|-0.16559|-0.87485|-0.82824|-0.99908|0.49912|-0.24022|-0.1036|0.45719|0.48566|-0.45482|0.087783|0.34436|1.5669|0.14804|-1.1649
0.96518|-0.53886|-0.35766|-0.4182|0.65724|-0.67257|-0.48039|-0.12466|0.16746|-0.6588|0.13796|-0.33712|-0.023933|-0.49791|0.11108|0.88349|-0.19114|0.52141|0.074038|-0.09766|1.3507|0.42608|-0.70307|0.68269|-0.70741|-0.33066|0.20805|0.19404|0.37115|-0.1494|1.5475|-0.67619|-0.11095|-0.90811|0.35431|0.70886|1.0069|0.15178|-0.13183|0.55632|0.48277|-1.0364|0.15369|1.0574|-0.24084|-0.10802|-0.67781|-0.29676|0.49707|-0.75153
0.12705|-0.698|0.062803|-0.83354|0.33516|0.16598|0.037272|0.25614|-1.1827|0.070919|-0.26883|0.046237|0.09715|-0.38071|0.26113|0.84148|0.71685|-0.65253|1.1285|-1.0682|-0.62952|0.39613|0.6595|0.35679|1.029|-1.1692|-0.6141|-0.19393|-0.44392|-0.60367|1.0655|-0.014975|-0.49422|-0.8657|-0.54899|-1.7891|-0.1982|-0.0742|-0.37965|0.3063|-0.22491|-0.36939|0.84551|1.2301|0.35539|0.19538|-0.50488|1.4351|-0.61946|0.45531
0.21616|-0.41378|-0.54239|-0.47371|0.12202|0.22506|0.2821|-0.8683|-0.17118|-0.13414|0.85511|-0.36012|0.84428|0.5192|0.31111|0.56844|-0.60294|0.11424|-0.48747|-1.399|-0.070985|0.68142|-0.31689|-1.0913|-0.98302|-0.65824|-0.86892|0.82999|0.54112|-0.95474|1.2474|1.1753|-0.52071|-0.48698|-0.20568|1.6345|0.53417|-0.42519|-0.13601|0.31799|-0.035518|0.75496|0.74852|0.39282|1.4162|-0.58529|-0.13884|-0.30009|-0.36291|-0.94234
0.74115|-0.50022|0.47664|-0.12668|-0.63237|0.0704|-0.6047|1.1544|0.5486|0.4435|0.065798|-0.12813|-1.1538|0.42896|0.096129|0.5954|0.66594|-0.086325|0.68694|-0.36069|0.85259|0.06515|-0.33302|-0.14908|0.96214|-0.51676|1.723|-0.17641|0.7331|0.074796|1.8203|-0.038007|-1.5105|0.72366|0.41152|-0.24711|0.23695|0.39618|-0.082615|0.18913|-0.49694|-1.1961|-0.33914|-0.75161|0.33482|0.4374|0.75286|0.97977|-0.60081|-0.45462
-0.80829|-0.18637|-0.95115|0.84433|0.22426|-0.16238|-1.1209|0.2868|-0.53549|0.81052|1.1829|-0.39234|1.6928|0.93029|0.21311|-1.4912|-0.40655|0.30834|0.01243|-0.22736|-1.0683|0.23378|-0.67829|0.17672|-0.22989|-0.8518|0.18138|-0.36727|-0.49786|-0.25638|1.266|-0.1788|-1.2996|-0.52803|-0.33428|-0.052408|-0.75741|-0.64026|0.072659|0.077741|-0.85507|0.94109|0.33307|-0.99995|-0.24396|-0.51233|-0.66384|-0.55643|0.44291|-0.52203
0.78355|0.26322|0.65559|-0.0261|-0.28488|0.47587|-0.7935|1.1081|0.63719|-0.47855|-0.1286|0.067986|-0.76785|0.87217|0.1667|-0.10833|0.21181|0.1547|-0.60026|-0.28556|0.039204|0.48936|-0.16023|-0.12398|1.3285|-0.57844|-0.86692|0.37427|1.246|0.051851|0.95112|-0.60714|-0.29083|-0.05664|0.1739|0.14937|0.37466|-0.93172|0.48905|0.11066|-0.68435|-1.2191|0.49949|-0.20829|-0.073571|0.30404|0.096635|-0.048836|0.80914|-1.002
0.44001|0.906|1.015|0.0093891|0.27507|0.87486|0.17109|-0.6468|0.73085|-1.1599|-0.014634|0.13712|-0.12191|0.42191|-0.61702|0.48912|-0.70806|0.77699|0.35245|-0.44939|-0.083448|-0.82467|0.27435|0.79603|0.15733|-0.77468|0.29529|1.5818|0.64583|-0.55203|1.5487|-0.088946|0.62241|0.66909|0.50603|0.60923|0.023565|0.18692|0.00041897|0.00095259|0.061021|-0.16908|-0.085646|0.01245|-0.50579|-0.2845|0.56934|-1.2547|0.81183|-1.1595
-0.083567|-0.67713|-0.37443|1.707|-0.44356|0.60485|0.86295|1.3004|0.72488|0.87256|0.44241|-0.50091|-0.80939|0.39052|0.097489|-0.7878|0.69745|-0.11578|-1.7804|-0.59129|-0.47158|-0.80062|0.70608|-0.22104|-0.43855|-0.30534|-0.29437|-0.82837|-0.49983|-0.32291|1.4927|0.56225|-0.6182|-0.032205|0.53486|0.41978|0.4918|1.2577|-0.41286|-1.3374|-0.028975|-0.2873|-1.0041|0.046712|-0.4356|0.20358|0.64702|-0.35345|-0.0040748|-0.070068
-0.92918|1.2927|-0.60859|-0.64373|-0.42095|0.22215|-1.3797|-0.27724|-0.11376|-0.3705|0.19052|0.39284|0.068273|0.045676|-0.35982|-0.025498|-0.33448|0.70516|-0.3363|1.0111|0.2258|0.63049|0.403|-0.66357|0.12265|-0.78821|0.14584|-0.43932|-1.1897|-0.75912|0.66164|-0.31295|0.14875|-1.0532|0.034797|-0.074928|-0.024014|0.75029|1.73|0.16136|-0.26749|-0.68806|-0.29646|0.12024|0.51634|0.32831|0.66773|0.47298|-1.1365|0.72653
-0.48243|-1.5072|-1.08|-0.95001|-0.98949|-0.3673|0.48963|-0.13275|0.15422|-0.39311|0.54203|-0.028609|-0.43463|-0.23619|0.54375|0.7845|-0.12038|-0.71163|0.48329|-0.14239|-0.43749|0.14899|-0.12907|0.095796|-0.48051|-0.79785|0.60444|0.18127|0.77153|0.66771|1.6714|-0.01531|-0.58141|-0.24349|-0.31412|-0.031306|1.1265|-0.33056|-1.1837|0.84868|-0.90388|-0.26446|0.61233|1.3202|-0.72188|-0.59484|-0.37681|0.077|-0.3382|0.11516
-0.83806|-0.41198|1.3227|-0.33437|-0.45038|-0.27472|-0.59002|-0.33432|0.20751|1.1296|-0.023251|-0.74491|0.0042277|-0.21107|-0.10089|-0.14064|-0.19485|-0.82252|-0.6697|-0.47806|0.5521|-0.64045|0.01365|-0.89574|-0.01436|-0.57644|0.84284|0.33709|0.73362|0.86831|1.7903|1.1906|1.2849|0.088127|-0.52989|-0.3776|-1.3685|-0.49761|0.13337|-0.18579|-1.0166|0.35938|0.13237|-0.58988|0.58867|0.1741|-0.034948|0.020227|0.32949|-0.86576
0.003531|0.33876|0.77945|0.39933|-0.13741|-0.7022|0.98437|-0.25783|-0.44594|-0.061646|0.12558|-0.20825|0.4272|-0.94404|-0.17946|-0.34166|0.23868|0.84269|0.086404|1.6379|-0.47584|-0.74247|0.5673|-0.91071|0.6241|-1.3548|0.22468|-0.16722|-1.7439|-1.0029|1.5808|-0.066491|0.78304|1.9755|-0.43065|-0.4324|0.20431|0.5975|-0.010377|0.022285|-0.0026316|0.3538|0.33163|-0.53442|0.78105|-1.9665|-0.47679|0.053449|0.25567|-0.093305
-0.39283|0.76752|-0.15927|-0.45188|1.0361|-0.26858|-0.41261|-0.65665|0.038672|-0.19688|-0.2324|1.0213|0.094979|-0.85556|0.75042|0.10782|1.0341|-0.34924|-0.2922|0.75772|-0.28996|-0.075285|0.033049|-1.0374|1.4577|-0.79061|-0.0011319|-0.81263|-0.52814|-1.0075|0.26429|-0.59336|-0.58101|0.19127|-0.33958|0.038971|0.53646|-0.029055|0.30897|1.3608|-0.32889|0.42164|-0.66522|0.037744|0.26219|-0.091279|-0.0034719|-0.75119|-0.53449|-0.54697
-0.37031|0.57587|-0.30204|-0.13085|-0.7577|0.38396|-1.1945|0.2142|-0.22436|-0.43489|-0.16176|-0.45879|0.17511|-0.583|-0.69409|0.43259|-0.76235|0.6604|-1.0689|1.043|0.56494|-0.33499|-0.47394|0.52666|-0.98049|-1.3802|-0.18383|-0.15772|-0.35339|-1.0868|0.35368|0.2386|0.60978|-0.69|0.55144|-0.34338|-0.041477|0.20573|1.0848|0.035655|-0.1898|-0.27466|-0.32429|0.41877|0.055583|1.0512|0.10665|-0.18711|-0.89911|0.53768
0.49064|0.09576|1.2896|-0.28608|1.4319|-0.62628|-0.15275|0.45019|-0.5574|-0.5124|0.18066|1.3381|-0.13679|0.49316|-0.40652|0.15736|-0.29385|0.7205|1.4307|-0.19685|-0.4714|0.48256|0.6076|0.35698|0.44593|-1.3384|-0.43772|-0.7925|-0.049791|0.47463|1.1324|-0.093675|-0.34557|-0.58437|0.13006|0.073162|-0.72068|0.71922|-0.42598|-0.44522|0.71174|-0.28562|-0.314|1.0726|-0.085625|-0.57419|-1.0279|0.26646|0.11732|0.55525
-0.48397|0.48565|0.36803|-0.68938|0.16444|-0.57222|-1.4156|-0.29498|-0.049553|0.69724|-0.11972|0.73073|1.2308|0.60964|1.247|-0.23119|0.53684|0.18026|-0.19018|-1.2116|1.2445|-1.1485|-0.37239|0.51214|-0.26239|-0.80446|-1.6131|-0.44246|0.24585|-0.29964|0.90121|-0.081407|0.51308|-0.55643|-0.17877|0.68531|-0.14584|0.15321|-0.15315|-0.51928|0.49118|-0.082228|0.41998|0.89667|0.63166|0.18417|-0.82605|0.09917|-0.066789|-0.91282
0.48488|-0.088384|-0.035668|-0.53563|0.35048|0.64742|0.41492|-0.13608|-0.40335|0.12263|0.63382|0.57819|0.63028|-0.32688|-0.64394|0.41778|0.18774|-0.15064|0.41538|-0.76597|-0.85567|-0.44|0.53323|0.68874|0.3751|-0.77943|-1.2|-0.32936|0.53193|-0.5586|1.7072|-0.024452|-0.33441|-1.2355|0.43018|0.12754|0.0051961|0.11251|-0.88165|-0.028622|0.38763|-0.37181|0.39539|0.56131|0.42334|0.099824|0.31761|0.18535|0.21311|0.17866
-1.8019|1.2503|0.40073|1.3574|0.89681|0.10946|-0.77667|0.17808|-0.20322|0.48311|-0.095324|0.25376|-1.0011|0.51258|1.2829|-0.84415|0.45018|-0.07764|-1.3037|0.35159|-1.3541|-0.67872|0.69094|-0.48942|-0.44614|-0.87237|-0.21167|-0.51627|-0.22412|-1.0223|0.50243|1.0136|-0.25068|-0.65902|0.5558|0.43098|0.24202|0.67571|-0.7156|-0.59369|-0.65929|0.38968|-1.2543|0.16967|-1.5821|-0.070638|-0.31685|0.37018|-0.41738|0.23932
-0.92803|0.36789|-0.41249|2.1595|-1.0373|0.49077|-0.75131|0.53616|0.86391|-0.002712|-0.34283|-1.0868|-1.1306|0.02613|0.8763|0.41245|0.17681|0.25176|-0.5492|0.47216|-0.24611|-0.01751|-0.27614|0.061126|-0.49535|-0.39328|-0.86409|-1.1688|-1.2689|-1.1091|0.35496|0.41872|0.24168|2.2596|1.4713|-0.66978|0.22943|0.92417|0.058395|-1.0011|-0.8692|-0.66253|-0.085576|0.50323|0.69343|-0.20948|0.41521|0.010119|-0.8822|0.53598
2.0157|-0.95203|0.74604|0.49505|1.0402|-1.2262|-0.28542|0.19257|0.11086|0.70753|0.079419|-0.45487|-0.2503|0.079636|-0.85252|-0.36703|0.3914|-0.10313|-0.29649|1.6856|-1.0534|0.87011|1.3073|0.30612|-1.7701|-0.3023|-0.47759|-0.8143|-0.3044|0.053356|0.88622|-0.40025|-0.74054|0.76322|1.1804|-0.35298|-1.203|-2.3059|-0.69926|0.12047|-1.0214|-0.092215|-0.40214|-0.30764|1.44|-2.0151|-0.67006|-0.0083266|0.054187|-0.65896
0.47813|0.68572|-0.55644|-0.53443|-0.41535|-0.06652|-1.3644|0.68491|-0.14242|-0.82063|-0.37972|0.51077|-0.37731|-1.2796|-0.46987|0.037042|0.35377|-0.043973|-1.6113|1.0892|0.48223|0.19288|-0.15155|0.8171|-0.42177|-0.58478|1.4113|0.30541|-0.3911|-0.073607|0.6825|0.95939|0.72531|-0.13547|0.62507|0.48391|0.20087|0.42312|0.4216|-1.4781|1.3002|-0.58507|-0.085739|-0.38694|-0.71375|1.058|-0.073571|-0.16943|1.1394|-0.46795
-0.1927|-0.52184|0.73016|-0.61635|0.84139|0.20615|1.2139|-0.17343|0.41659|-0.81504|0.41523|0.074652|-0.19914|0.072617|-1.6549|0.14014|-0.44184|0.47881|-0.60611|-0.90095|-0.44331|-0.27773|-0.3556|-1.4635|-1.1057|-0.95162|-1.2743|0.47924|1.0996|-0.66473|1.3835|-0.33526|0.30823|-0.070083|0.84554|1.6509|0.54469|0.056639|-0.77736|-0.60346|0.8618|-0.024659|0.82117|-0.73485|0.53756|-0.073556|0.511|-0.44479|-0.87144|-0.22974
0.427|-0.6277|0.17587|0.36633|-0.92764|-0.89403|0.183|0.42345|0.31383|-1.5529|1.0111|-0.18148|-0.0020779|1.1071|-0.12207|1.0713|-0.34933|-0.2834|-1.1729|0.11475|0.11506|0.2717|-0.7891|0.41799|-0.055732|-1.3291|1.0806|0.80827|1.3148|0.59498|1.64|-0.35012|-0.38232|0.41672|-0.68653|-0.029807|0.4582|-1.1161|-1.357|1.5703|0.63175|0.3381|2.2904|0.65904|-1.2044|-0.010202|-0.26865|1.0698|-0.51909|-0.87385
0.54729|0.51693|0.029453|0.29916|1.1377|0.47912|0.32224|0.066637|0.60305|0.21226|0.62999|0.61489|-0.79683|0.74002|0.072026|0.36422|0.019709|-0.051304|0.30295|0.1033|-0.55454|0.6291|-0.13914|0.18582|0.63193|-0.70771|-1.5172|-0.48478|0.49475|-0.48685|1.1384|0.40015|-0.74971|-0.12652|-0.17041|-0.34091|-0.032617|-0.47187|-0.20892|-0.85348|-0.19001|-1.1916|0.0071888|-0.13647|-0.59359|0.62608|0.36128|-0.5212|-0.3627|-0.17627
0.33471|-0.50568|0.93347|-0.85487|-0.02302|0.88721|1.1384|0.17169|0.35966|-0.08487|0.24283|-0.3303|-0.40275|0.38607|-1.3007|-0.13666|-0.048698|0.66242|-0.64697|-0.6947|-0.25091|-0.19007|-0.030975|-0.69226|0.72944|-1.2257|0.10204|0.54337|-0.091163|0.28752|1.4867|0.34189|-0.11544|-0.19909|-0.12228|0.16206|-0.29705|0.039966|-0.27341|-0.27218|0.14685|0.12468|-0.68463|-0.43494|-0.67975|-0.22575|1.1236|0.18814|-0.37527|-0.42796
-0.59744|-0.31561|0.72006|-0.23017|-0.27502|-0.1964|-0.37194|-0.6683|-0.30299|-0.12349|-0.069543|0.40809|0.45223|0.022656|-0.91559|-0.081942|-0.2299|0.77892|-1.0507|0.51916|-0.70288|-0.066801|-0.83232|-0.66977|-0.41015|-1.7006|-0.058822|-0.65631|0.44194|-0.3115|0.83551|-0.026109|-1.0062|-0.12747|0.18978|0.16935|0.37494|-0.83891|-1.0525|-0.38028|0.65092|-0.05915|0.33462|0.26929|-0.076169|0.95543|-0.59414|0.78453|-0.89475|0.43899
0.99302|-0.97914|-0.12049|-0.11405|0.69044|-0.22889|-0.83806|0.54348|0.24093|-1.0429|-0.32176|0.073701|-0.71912|0.37482|0.71804|-0.74171|-0.3191|0.08606|-0.74399|-0.32597|0.65499|1.0046|0.47991|0.81867|-0.608|-1.364|-0.47282|-0.12169|-0.5884|-1.0133|0.47859|-0.47493|0.14444|-1.8412|0.89335|0.72123|-0.30918|-0.59111|0.70575|-0.17215|-0.2651|0.61657|0.71639|0.50809|0.57303|-0.877|0.4887|0.55264|0.53437|0.033335
0.23603|-0.18022|0.42956|-0.3096|-0.4265|-0.57415|-0.45286|0.41464|0.50088|0.20253|0.1348|0.22336|-0.21604|1.3716|-0.54595|-0.064865|0.16317|-0.15462|-2.0984|-0.45752|0.50329|0.39692|-0.38483|-0.30635|0.8338|-0.66652|-0.52455|0.13163|0.72036|-0.19574|1.3688|0.48276|0.31875|0.73356|0.67962|0.076283|0.23204|-0.13838|0.22135|-0.048583|-0.41108|-0.33869|0.87963|0.82523|0.35074|-1.003|1.191|-0.24763|1.2351|-0.24891
-0.50824|0.18296|-0.68564|-1.0069|-0.29365|0.32163|-1.0494|-0.1085|-1.1673|-1.2006|0.10233|-0.11213|0.3375|-0.85436|0.24396|-0.38533|-0.79056|0.24947|-1.1233|0.64455|1.2472|-0.55347|0.34822|0.0010943|0.052197|-0.28165|0.14673|-0.5986|0.0085109|0.81392|0.92843|-1.2545|-0.33655|-0.63784|0.16856|-0.38094|0.51187|0.96519|0.46047|0.60707|-0.0063939|-0.84133|-0.0033529|-0.34451|-1.0732|0.52255|-0.54517|-1.3251|0.38267|-0.17684
0.41873|-0.26562|0.045142|-0.54285|-0.019217|-1.0223|-0.20934|0.64041|-0.093999|0.64033|-0.25932|-0.38843|0.21189|-0.43033|0.38921|0.37837|-0.70115|-0.298|-0.56148|-0.68566|0.90199|-0.22013|-0.43248|-0.79611|0.037075|-0.51643|-0.18505|0.73866|0.90582|0.59373|1.6338|1.0131|0.44477|-0.30636|-0.21554|-0.20321|-0.31907|-0.60933|-0.27643|-0.77436|-0.49484|-0.17191|-0.73251|-0.15876|0.25107|0.089929|0.43741|0.44077|-0.42055|-0.12701
1.0893|0.33186|0.55924|-0.67488|-0.94726|0.4431|-0.42119|0.13651|1.16|0.27271|0.39656|0.017021|0.40364|1.7144|-0.17134|0.12848|-0.37039|0.15887|-1.9584|-0.77112|0.5932|-0.43981|-0.24559|-0.71435|0.14097|-1.3043|-0.57577|1.0184|0.57088|0.12748|0.60937|0.26069|-0.62683|0.96348|-0.56958|-0.29837|0.3235|0.38634|0.15863|-0.30573|0.31231|0.16161|0.3083|0.48556|-0.1013|-0.80287|0.72283|-0.52355|0.010659|-0.46956
-0.44992|0.74224|0.090451|-0.40363|0.55486|0.27302|-0.0044804|0.15239|0.24385|-0.58777|-0.66497|-0.72633|0.71007|0.97248|-0.91224|0.11224|0.3091|0.17891|-0.17984|-0.82218|1.7544|0.13209|2.0326|0.21022|-0.46553|0.38598|-0.83683|0.58678|1.7474|-0.11078|1.3959|-0.036563|-1.2164|1.0401|-0.57245|0.37151|-1.0144|2.2506|1.5722|0.041265|1.6386|-0.59351|0.050517|0.19132|0.39328|0.81872|0.68257|-0.036636|-0.31668|-0.267
0.76003|1.0046|-2.1026|-1.007|1.7833|-0.79737|-0.35617|-0.11948|0.45021|0.40022|-0.31973|0.054968|1.0912|-0.12174|1.0356|-0.4951|-0.70896|-1.088|-0.81246|0.70147|0.15413|-0.7585|0.07131|0.29083|-0.23478|0.13102|-0.86339|-0.34752|0.60935|0.038353|1.3948|1.2352|-0.6463|0.69934|-0.49732|0.33869|0.58704|-0.16453|-0.2177|0.90542|-0.30269|0.29073|-1.2226|-0.054381|0.42276|0.94732|0.0032581|-0.73567|-0.080693|-0.15025
1.3516|0.8008|-0.39409|0.66178|-0.78998|1.27|0.029693|0.62379|0.17651|-0.73439|-0.17011|-0.27835|-0.90756|-0.22664|-0.63024|0.8856|0.15515|-0.60217|0.6053|0.82378|-1.0904|-0.18661|-0.12585|0.28133|0.1924|-0.90803|0.52315|0.86971|-0.052845|0.74127|1.3861|0.19654|0.28112|-0.36607|-1.0127|-0.10212|-1.3758|-0.70371|0.076693|0.17752|-0.5645|-0.0058011|-0.62895|0.035394|0.42573|0.59191|0.18973|0.43419|-0.3717|-1.529
-1.0749|-0.21947|-0.79555|0.30499|-0.17915|0.99007|-0.3472|0.81619|-0.16612|-0.63422|0.062779|0.13205|-0.6451|-1.3702|-0.60667|0.3781|0.7381|-0.082016|-1.063|-0.62836|0.62143|-0.35971|0.51964|0.6306|-0.40919|0.0041121|0.10397|0.01727|-0.44842|-0.31163|0.6485|0.39269|0.27372|-0.37125|1.0277|0.51243|0.19332|0.22037|0.81105|-0.24561|0.14148|0.022713|-1.4085|-0.12958|-0.62042|0.93934|-0.15754|-0.58625|0.97488|-1.3873
-1.3876|1.2558|0.60914|1.02|0.45316|0.46503|-1.135|0.18023|-0.34906|0.093482|0.068658|0.36871|-1.1326|-0.29613|0.33761|0.40345|0.73462|-0.95853|-0.47276|0.24585|-0.69783|0.53404|0.28394|-0.055702|-0.066932|-0.23304|1.1635|-0.37498|0.85434|-1.0567|0.29721|-0.057153|0.51477|-0.49526|0.35681|-0.16307|0.032625|-0.32118|0.082276|0.84798|0.14243|0.71264|-0.70093|-0.13545|0.15496|-1.0672|-0.19413|-0.9769|-0.71518|0.7714
-0.98296|-0.076242|0.28417|-0.89782|0.94761|-0.72541|-0.95516|0.2889|-0.76791|-0.28047|-0.059766|-0.69224|0.29024|0.14287|-0.25847|-0.87145|-0.75462|-0.20098|-0.23441|-1.8124|-0.18148|1.1044|-0.36545|-0.51137|0.66043|-1.2174|0.36789|1.2621|-0.40258|-1.5783|0.76707|0.90077|-0.49862|0.54042|-0.9419|-0.047539|0.36421|-0.80081|-0.84092|0.29501|0.75303|0.45349|-0.37436|-0.29602|0.75955|-0.64283|-0.74307|-0.63118|-0.27672|-1.7182
1.1505|0.62938|-0.27365|-0.64459|-0.15401|1.0922|1.0645|0.94696|0.85134|-0.50525|0.30844|-0.22032|-0.38414|-0.020267|0.070284|-0.14368|-1.0414|-0.0973|-0.091209|0.45157|-0.83599|1.0076|-0.45488|-0.54498|0.14999|-0.79423|-0.98741|-0.51418|0.43065|0.55217|1.828|0.6419|0.90629|-1.6043|-0.13723|1.4904|0.64138|-0.44481|1.585|-0.079468|-0.47018|-0.030287|0.13874|0.68457|0.89379|0.20872|0.81308|0.33937|-0.69855|0.73559
-0.12516|0.40998|-0.55815|0.59963|-0.2782|0.51678|-0.73826|-0.97514|0.75649|0.31673|-0.055611|-0.15832|0.19866|0.34539|-0.18447|-0.67707|-0.19213|0.81149|0.14056|0.10864|0.83646|0.47534|-1.1252|0.45191|-0.60043|-0.88685|-0.21422|-0.753|-0.12978|0.19944|1.3575|-0.67107|0.51503|-0.59412|-0.10419|0.19973|-1.0474|0.55966|0.68411|0.13595|0.39108|0.058207|1.0092|0.92614|0.63661|-0.08319|0.17854|0.19415|-0.17889|0.7777
0.3261|-0.51449|-0.033183|-0.80814|-0.57401|0.18057|0.10012|-0.73799|0.020125|0.25749|0.26766|-0.35177|1.1491|0.021282|-0.6169|0.10168|-0.1024|0.43017|-1.0236|-1.5656|0.068298|0.016295|0.88935|-0.54305|-0.75927|-0.5181|0.076443|1.4181|1.2437|-0.92925|1.2606|0.038031|-1.4678|-0.31897|-0.62435|0.74871|0.31207|0.34613|1.3145|0.0092282|1.2258|0.44908|0.31577|-0.032146|1.4669|0.060829|0.37089|-0.1864|0.64702|-0.28076
0.90403|-0.41517|-0.76338|0.76877|0.22624|1.8062|0.18446|-0.069357|-0.12539|-0.23929|-0.35218|0.085283|0.14965|0.089359|0.80189|-0.38047|-0.72764|0.13507|0.15404|0.040224|0.3037|-0.16701|0.18672|0.25647|-0.14105|-0.79126|0.21147|0.13298|0.4535|-0.12089|1.5282|-0.771|0.4638|-1.0364|0.16354|0.38978|0.15005|-0.58377|-0.76887|0.11441|-0.69784|-0.32708|0.34092|0.8822|0.30392|-0.33844|-0.34275|0.79267|0.24189|0.09334
1.1056|-0.54452|0.7385|-0.18585|-0.19882|-0.50087|-0.34363|0.10021|0.10851|-0.54586|-0.26415|-0.31641|-0.26655|0.05217|-0.8454|0.42307|-0.14016|-0.58344|-0.041409|0.52538|-0.88573|-0.40381|0.58636|-0.59846|-0.49061|-0.3394|-1.2241|0.11699|1.0171|0.50048|1.5378|-1.0415|0.015333|-0.61339|-0.24369|0.89135|-0.94185|-0.38371|-0.27636|-0.017239|-0.47296|-0.47321|0.039292|-0.16862|0.67029|0.36846|-0.33133|-1.2654|-0.54408|-1.5682
-0.55309|0.69506|0.04844|1.491|0.12373|-0.58715|0.3891|0.24856|-1.3603|-0.41286|0.14703|1.0249|0.37408|0.30663|-0.47241|-0.34499|-0.45975|0.28808|0.36896|1.2226|-0.32372|-0.58724|0.57736|-1.1487|1.5753|-1.1927|0.34954|-0.78518|-1.0508|-1.0984|1.3782|0.19621|0.21506|0.33938|0.23329|0.13214|-0.1438|0.57492|-0.13995|1.2224|-1.3805|0.40258|-0.081911|-0.3547|0.44583|-1.5756|-0.20293|-0.4689|0.96944|-0.013677
-0.61981|0.64422|-0.6712|-0.97144|-0.65918|0.036103|-1.133|-0.54102|0.74002|-0.14691|0.22437|0.53114|-0.14957|-0.23098|-0.74743|0.11861|0.39717|-0.24142|-0.71786|0.67754|0.058518|0.74852|0.21146|-0.56026|-0.050086|-0.87166|0.0017201|-0.38905|-1.1945|-0.81882|0.54524|-0.35621|0.53948|-1.2525|0.37185|0.14888|0.17806|0.68418|1.7062|0.40878|-0.029257|0.19367|0.31023|0.035782|0.46944|0.50042|0.44369|-0.11651|-0.30781|0.57503
-0.88188|0.18063|0.55942|0.2288|-0.062431|0.57037|-1.6341|0.0068509|-0.098616|-0.87066|-0.18377|0.44368|-1.1412|-0.69622|0.19174|-0.28626|0.20356|-0.45338|-0.83242|-0.94377|-0.24576|0.50512|-0.22301|0.13547|0.86126|-0.22963|0.3367|-0.43774|-0.28932|-0.26547|0.3739|-0.38851|0.31413|-0.49222|0.64073|-0.77016|0.29727|-0.086595|0.39455|-0.086966|0.041315|0.2461|-0.38781|-0.37455|-0.17551|-0.031587|0.14372|-0.51489|0.35542|0.82306
-0.1061|0.91699|-0.26736|-0.74776|0.77128|-0.43716|-0.087499|0.6258|-0.18415|-1.0749|0.38909|0.44458|0.20961|0.056438|-0.30191|-1.5418|-0.24631|0.68902|-1.0431|-0.12373|-0.66169|-0.78934|-0.28916|-0.11343|-0.86448|-0.91297|-1.4535|-0.63237|-0.32248|0.028668|0.49477|0.50777|-0.45237|-0.60291|-0.62001|0.63346|0.01615|-0.85731|-0.69612|-0.47158|0.6334|-0.68338|-0.1678|-0.42075|-0.71|0.055883|-0.69938|-0.25516|-0.77913|-0.64095
0.30374|-0.99547|1.0475|-0.75833|0.0098058|0.5624|-0.095385|0.30001|0.50233|-0.32691|0.64243|-0.13759|-0.053397|0.93994|-0.41739|0.78418|-0.050714|1.2544|0.51767|-0.13622|0.077543|0.2575|-0.7216|0.10345|-0.99468|-1.7169|0.52343|0.73143|-0.10041|-0.57951|1.2459|1.3285|0.27969|0.84302|0.26111|1.2458|-0.19867|0.18884|0.60269|-1.0188|-0.26329|0.24947|0.70745|0.068074|-0.002613|-0.10721|-0.58536|0.0611|0.34001|-0.95267
-1.0976|1.2897|-0.078574|0.74876|0.3016|0.98929|0.059277|0.067967|0.4741|0.38295|-0.76968|-0.45153|-0.068317|1.5435|0.54974|-1.4068|0.087848|0.16678|-0.89332|0.053177|0.98985|0.61616|0.67041|-0.16597|0.036928|-0.38665|-1.531|-0.57403|-1.3238|-0.59416|0.62623|1.8183|0.34931|-0.97568|-0.02807|0.67805|0.28889|0.69744|-0.50856|-1.2584|-0.30707|1.2919|-1.3081|-1.0851|-2.146|-0.43034|0.015669|-0.045978|-0.18489|1.1943
1.3463|-0.6246|0.93963|1.2982|-0.29699|0.68466|-1.0858|-0.41328|-0.5333|-0.36967|0.72944|0.38309|-0.57047|0.42705|-0.46993|-0.21146|-1.091|1.5102|-1.1153|-0.8796|0.051122|0.20527|-1.5721|-1.3804|-0.81892|-0.88366|-0.14284|-0.25503|-0.024024|-0.47988|0.35574|-0.1008|-0.28291|-0.52099|0.97619|-0.46379|-0.58295|0.024609|0.3552|-0.55293|0.0046606|-0.32237|1.1704|-0.3516|-0.67007|0.62401|0.13038|1.4477|-1.2252|0.89323
-0.15672|-1.3517|0.0044736|-0.29166|0.32659|0.40801|0.78085|0.26965|-0.14199|-0.26742|-0.055161|0.39958|-0.57487|-0.76811|1.3727|-0.34019|0.20601|0.098835|0.37301|-0.01681|0.12467|0.16867|0.86156|0.36583|-0.77345|-1.9203|0.42727|-0.61039|-0.071921|-0.31327|0.3959|-0.6867|-0.20604|-1.766|-0.092288|-0.016968|0.32417|-0.2248|-0.49683|0.2126|-0.72118|0.22202|1.2431|1.062|-0.18785|-0.96567|-1.2853|-0.112|0.29595|-0.0029935
0.01367|-0.43874|0.37002|-0.59357|-0.28807|-0.36297|-0.017015|-0.14057|0.14224|-0.19952|1.0266|0.01401|-0.0053704|0.2081|-0.34316|0.50832|-0.70527|0.60189|0.31498|-0.14132|0.44284|-0.13447|0.99643|0.26795|0.73012|-0.20837|0.59543|0.3417|0.49803|0.54324|2.4761|0.036616|0.32026|-0.88424|-0.61268|0.14714|-0.16231|0.46994|-0.78531|0.35363|-0.094756|-1.0327|-0.20983|0.25987|-0.73668|-0.24369|0.25369|-0.43854|-0.62761|-0.48491
0.16928|-0.76408|0.14798|-0.18454|0.84491|-0.020125|0.44214|0.061964|0.00023068|-0.75903|-0.15895|-0.16937|-0.26385|0.36429|-0.44732|1.1784|-0.17668|-0.6265|0.68838|1.1942|0.10099|0.4341|1.1664|0.43524|1.0585|-1.2699|0.25301|0.1852|-0.86401|0.66258|0.6257|1.1151|-0.67096|1.5273|0.97243|-0.30247|0.55088|1.0185|-1.2285|1.3585|-0.2741|1.4205|-1.01|-0.53647|0.21616|0.20504|-0.72191|1.0245|1.3787|-0.48562
0.61142|-0.17096|-0.56986|-0.65778|0.041984|0.49312|0.16457|-0.237|-1.0081|0.64755|-0.63678|0.46363|0.070467|-0.026152|-0.045766|0.16116|-0.78735|-0.64793|1.1676|-0.28202|-0.53084|0.85513|0.32716|-0.36872|0.67208|-0.85577|-0.44345|1.3021|0.7857|0.012783|1.3587|-0.59625|-0.34277|-0.97386|0.40444|-0.30071|0.22815|-0.2609|-1.2309|-0.46596|0.086822|-0.40335|0.4898|0.63204|-0.76452|0.034837|0.01636|1.8332|0.6945|-0.021928
0.43373|0.53736|0.65264|0.028563|-0.073594|-0.43885|0.4075|-0.37644|-0.20948|1.6901|1.7946|0.055216|0.38803|0.79908|-0.37184|-0.0031405|-1.8624|0.99017|0.27265|1.2351|-0.53502|-0.80744|1.5783|0.49365|-1.2894|-0.3966|-0.26457|0.25709|-0.9117|-0.33849|1.9837|-0.11248|-0.64189|-0.50256|0.23904|-0.065732|0.27249|-0.42673|1.2757|0.46354|-0.12171|-0.88176|-1.2328|-0.061773|-0.27699|-0.4743|0.5236|0.58241|-0.12002|0.076492
0.16101|-0.66844|0.57487|0.53127|0.23328|1.0021|-0.15447|-0.16834|-1.1295|-0.17633|0.82891|-0.99602|0.20445|0.20449|0.58313|0.075213|0.12467|-0.016094|-1.7606|0.57326|-0.30369|0.16344|-0.59146|-0.89285|1.679|0.02563|0.10529|0.17919|-0.24701|-0.59745|1.4689|0.19529|1.642|-0.32276|-0.36469|0.10112|0.0074994|-0.36343|1.3891|0.94495|-0.50785|1.6132|0.22254|-1.6666|-0.57843|0.28344|0.76927|0.6358|-0.18709|0.26184
1.2959|0.19918|1.1274|0.73263|0.22442|-0.57382|1.1593|-0.43151|-0.12823|0.49387|0.12211|0.28199|-1.4548|-0.23831|-0.65053|-0.10169|0.069607|0.43149|-0.069527|2.4655|-0.62887|-0.013548|0.91909|0.56709|0.44799|-1.273|0.4883|-1.2914|-1.9588|-0.84303|1.3413|-0.1423|0.49725|0.096013|0.45893|0.32546|0.39542|-0.031061|-0.78483|0.5525|-0.070389|-0.23157|-0.47251|-0.19061|1.9085|-0.99267|-0.026852|-0.35801|0.93829|-0.56415
0.17657|-0.60768|0.74159|-0.22978|-0.53341|0.93885|-0.56488|0.20983|0.17254|-0.73356|-0.086274|-1.1905|-1.2783|0.81942|0.23548|0.020685|-0.21792|0.10001|-0.49094|0.39995|-0.65451|0.57957|-0.54584|-0.41981|0.30367|-0.46634|0.29126|1.305|0.61893|-0.57575|1.1903|0.18895|0.67919|0.61184|-1.0517|1.6018|0.85184|-0.40887|0.65235|0.71693|-0.48579|0.44668|-0.29665|-0.92957|0.54534|0.6159|-0.34152|-0.71793|-0.23794|-1.454
0.25502|-0.74155|0.13349|-0.26403|-0.331|-0.32927|-0.19748|0.050117|1.6718|-0.48493|0.40399|-0.032599|-0.097971|-0.13526|-0.071003|0.097723|0.19229|-0.89624|-0.22865|-0.72053|0.27635|-0.027357|-0.51816|-0.68141|-0.1023|-0.55493|0.91945|0.33123|0.29332|-0.22434|1.9447|-0.25865|-0.53057|0.14868|0.47835|0.79195|0.69057|0.43571|0.49812|-0.31137|0.58979|0.03354|0.84523|0.38014|-0.68934|-0.92516|1.1932|0.68212|0.61798|-0.61367
0.3169|-0.41695|-0.20249|-1.3254|-0.18907|0.16635|-0.40679|-0.013485|-0.7769|-0.061672|0.014597|0.040646|0.62413|-0.23702|-0.36564|0.57783|0.18254|-0.46271|0.48846|-0.92662|0.031381|-0.1395|0.35375|0.31387|0.38743|-0.41651|-0.76136|-0.14788|0.14287|0.10912|1.6138|0.46587|0.45913|-0.79116|0.17385|-0.041237|-0.50931|0.48412|-0.60884|-0.081241|-0.43406|-0.30914|0.4091|0.77782|0.64091|-0.18066|-0.03365|-0.143|-0.14086|-0.1156
1.1862|-1.2327|0.36003|-0.59849|0.34229|1.5691|-0.15754|-1.4539|1.0114|0.59973|1.5206|0.0095713|0.83304|0.36344|0.02856|0.95868|-0.0089808|0.47249|-1.0604|-0.35907|-1.2092|-0.23474|1.8542|-0.0030482|0.4109|-0.085349|-0.59244|-0.2095|-0.38374|-0.62702|1.3059|0.71802|-0.027662|-1.0516|0.38711|0.27743|0.28721|0.72514|0.29529|-0.25813|-0.82571|-0.11552|-0.6662|1.0746|1.2482|-0.036329|0.81472|-0.65517|-0.20192|0.11673
1.7823|-0.50698|-0.54744|0.35118|-0.12621|-0.21491|0.053862|0.50976|-1.6197|0.36558|0.50881|-0.076833|-0.55352|-0.7538|0.54902|-0.66653|-0.78367|-0.253|-0.94447|0.65142|-1.2346|-0.68403|-0.66873|0.41283|-0.67905|-0.34989|1.4252|0.56527|-1.0563|-0.71485|0.91766|1.3154|0.73581|0.28106|0.50461|0.76928|0.18546|1.1839|0.53162|-1.4771|0.60023|0.47653|0.29847|-1.145|-0.33985|1.079|0.50112|-0.04082|0.91941|-0.54259
-0.42496|1.4121|0.95983|0.70782|0.28728|-0.35146|0.65169|1.551|-1.3713|0.7799|0.7777|0.12668|-0.27745|2.1124|0.16275|-0.79824|0.58875|-1.0757|-0.2562|1.3997|-0.40802|-0.36133|-0.14048|-0.35505|0.46486|-1.3204|1.3161|-0.37165|-0.52492|-0.066271|0.34527|-0.8219|0.24601|-0.77769|-0.54029|0.12608|0.7295|1.2462|0.54515|0.26239|0.71046|0.61961|1.5752|-1.3819|0.65122|0.30645|-0.56271|0.71202|0.36727|-0.13933
-0.015065|0.064871|0.17105|0.45596|0.32163|0.69543|0.10893|0.50546|-0.13118|0.22748|-0.021153|-0.71844|0.29607|0.88434|1.2241|-0.4046|0.034827|-0.023632|-0.45724|-0.89906|0.14764|0.61531|1.4434|1.2199|0.11737|0.2109|-0.76688|-0.66812|-0.77828|-0.88913|1.2643|1.4122|-0.3105|-0.6529|0.66921|0.29771|0.34464|0.41125|-1.0594|-1.2254|-0.4631|-0.13205|0.046305|0.36467|-0.57717|-0.53612|0.19726|-0.64915|-0.19746|0.059303
-1.4694|0.43115|1.1216|-0.37772|0.23125|-0.3629|-1.0948|0.15357|-0.36227|0.60157|-1.1478|0.031506|-0.096444|-0.51746|-0.2459|-0.28618|0.68834|0.090205|-1.163|-0.15381|-0.31205|-0.18916|0.29691|-0.63722|-0.60154|-0.47723|-0.2884|-0.01257|0.67637|-1.9268|0.98115|1.5616|0.66942|0.35965|0.91542|0.13716|0.4708|-0.11601|0.99445|-0.14664|-0.77652|0.0070564|-0.41819|0.36917|-0.47477|0.69468|-0.63617|0.4358|0.085208|0.57838
-0.29317|0.40853|-0.33864|-0.51048|0.70926|-0.19915|0.85861|-0.057151|-0.38268|0.37696|0.073189|0.57895|-0.17146|-0.53171|0.24612|-0.26859|0.49583|0.38142|0.098846|0.073221|-0.2831|0.32308|0.73795|0.24775|0.99444|-0.1614|-1.1411|-0.27577|0.77427|-0.34591|1.7546|-0.001029|-0.05666|-0.2613|-0.39687|0.079826|0.49462|-0.12352|0.06221|0.11853|0.38208|-0.91746|-0.0099595|0.1601|-0.41623|0.24994|0.038409|-0.33172|0.19551|0.35758
0.62148|-0.70523|1.1119|-0.17973|-0.51286|-0.99335|-0.069856|0.10233|0.59316|-1.5494|-0.44399|-1.446|-0.59897|0.015328|-0.50478|0.46651|-0.090978|-0.89331|0.52995|-0.53295|0.50792|0.13665|-0.70512|0.39913|-0.45833|-0.43284|0.43563|0.16896|1.2722|-0.69583|1.7903|0.56623|-0.21857|-0.63576|0.27327|1.3902|0.78929|-0.2744|-1.5162|1.8828|-0.29318|0.40254|0.92753|0.56287|-0.024004|-1.3341|0.033729|-0.15037|-0.023354|-0.85591
0.58392|-0.97541|-1.2167|-0.050227|-0.52021|0.97156|0.65624|-1.0306|0.61731|0.39015|-0.20987|-0.13837|-0.15371|-0.61027|1.3369|-0.48364|-0.40709|0.26281|0.50632|0.27049|0.91416|-0.34291|-0.27869|1.4907|-0.97909|-1.7231|0.78258|-0.23921|0.50284|-0.3875|1.1839|0.425|-0.081569|-0.84903|-0.97893|0.038129|-0.97616|-0.26652|-0.85077|0.11678|-0.62115|0.22641|0.9658|1.2092|0.54457|-1.3114|-0.23174|-1.0353|0.70005|-0.33013
-0.12212|-0.057919|-0.74139|-0.0031271|-0.11953|0.015918|-0.83381|0.87557|-0.43064|-1.1379|0.4747|0.20781|1.45|-0.062474|-1.3826|0.43012|0.13487|0.17858|-1.3105|0.3771|1.29|-0.078694|-0.19588|0.32623|0.12344|-0.51045|-0.66|-0.37219|-0.90485|0.22015|0.67067|0.27725|0.17199|-0.31079|0.84235|-0.81544|-0.68614|-0.51104|1.0984|-0.087227|-0.71689|-0.071902|0.22394|-0.8163|-1.4908|0.72854|-0.33192|-0.4966|1.3817|-0.42779
0.097154|-0.19262|-0.24913|-0.14003|0.74238|0.45082|0.40631|-0.69189|0.13631|0.26575|-0.06069|-0.13423|-0.76146|0.52184|0.17358|0.5109|-0.16775|0.22116|0.42153|-0.52585|-0.65803|-0.029754|-0.40344|0.33892|0.27076|-0.95726|-0.65025|1.0313|0.89409|-0.32375|1.392|0.23596|0.035018|-0.18964|-0.15725|0.097196|-0.10385|0.57178|-0.053108|-0.4765|0.021432|0.054794|-0.42609|0.69355|-0.36712|0.19889|0.99811|0.079027|-0.053489|0.60232
-1.2096|-1.0205|0.81005|0.42983|0.86595|0.6462|-0.18739|-1.6823|-0.6285|-0.046373|1.0019|-2.3119|0.781|-1.4089|0.29921|0.31332|-0.79899|-0.41938|-0.87487|-0.62593|0.80491|-0.35697|-0.32307|-0.58457|0.05481|1.2383|0.71592|0.22973|0.46658|0.84622|1.8605|-0.13281|0.89576|0.8483|-0.08954|-1.4648|-0.37412|0.036889|0.60443|-0.26974|-0.28518|-0.6871|0.88831|-0.79172|0.084144|-0.80747|0.71517|-0.33416|1.1306|-0.2957
0.39994|1.0126|-0.77321|0.6126|0.57818|0.41076|0.20275|-0.52773|0.6581|-1.3609|0.50806|-0.34373|0.59357|-0.3973|-1.141|0.47794|0.6119|-0.83791|-0.0074991|-0.082257|-0.3476|-0.55228|-0.19269|0.70029|0.059251|0.26114|-1.4929|-0.15708|0.24927|0.69812|2.3716|-0.077915|0.49584|-1.5282|0.12243|-0.044462|-0.73679|0.21466|-0.94297|0.72794|0.15793|-0.21596|0.6813|0.55121|-1.7622|-0.024446|0.46062|0.95889|0.51791|-0.45017
-1.2089|0.33309|0.054768|0.99374|-0.21625|-1.2467|0.24394|-0.6647|0.49712|-0.20921|-0.56362|-0.54468|0.35824|0.22017|0.7249|0.062895|-0.36085|-0.18258|-0.11974|0.48785|0.02026|-0.61697|0.32228|0.17878|-0.25173|-0.46457|0.063055|-0.3648|0.12525|0.68815|1.3467|0.33157|-1.0025|0.64678|-0.26408|0.37526|-0.61931|-0.91229|-0.71567|-0.72702|-0.36272|-0.23219|0.20057|-0.73836|2.0913|0.87767|0.93953|0.97492|0.47542|-0.26756
0.49143|-0.30872|1.2831|-0.28946|-0.19304|-0.35708|-0.13651|0.8485|1.3394|-0.43031|0.64964|-0.36719|-0.19302|-0.49953|0.66049|0.88788|0.15395|-0.70655|1.4386|-0.37|0.19482|0.053581|0.28998|0.19197|0.58682|-1.0904|-0.90958|-0.4047|0.53665|-0.39013|1.247|-0.71217|-1.1437|-0.99843|0.37594|0.17834|0.71971|-0.0078437|-0.41682|0.048743|0.37095|-0.93903|0.90622|0.16616|-0.43239|-0.68519|0.29885|1.9348|-0.074323|-0.57367
0.83877|-0.55595|-0.77626|0.43001|-0.7354|0.70666|1.2488|0.53448|0.73875|0.66504|0.47818|0.043432|0.33873|-0.63955|0.42647|0.46954|0.040089|-1.1637|-0.44515|-0.95511|0.010405|-0.182|0.32222|-0.4718|0.39017|-0.14612|-0.54715|-0.27882|0.36575|1.3985|2.072|0.33832|0.86537|-1.7037|-0.1348|-0.41983|0.21603|-0.21821|0.032257|-0.012473|-0.61359|0.2183|0.85079|0.68696|0.45035|-0.0026545|0.050703|1.4045|0.99368|0.72338
-0.84912|0.031043|0.13839|0.44311|1.0961|0.19474|-0.67198|1.4391|0.27023|0.37648|0.042039|0.93976|-0.75684|0.70781|-0.24291|-1.0824|0.35947|-0.79967|0.0030298|-0.73202|-0.6091|-1.14|0.57523|-0.17087|-0.40534|-0.20085|1.0503|0.53626|2.0888|-0.40602|1.5465|0.25461|0.9237|1.1205|-0.12026|0.13404|-0.36223|0.66146|1.0318|0.2463|-0.015435|0.10648|-0.62882|0.025274|0.246|0.23831|-0.29114|-0.42987|-0.25486|0.66032
-0.60896|0.53015|-0.57855|-0.054448|-0.70703|0.66069|-1.0091|-0.25598|-0.12473|-0.84578|-0.54266|0.54553|-0.074358|-1.1389|-0.51346|0.87716|1.0301|-0.058867|-0.40357|0.45316|-0.64031|0.51298|0.16943|0.18427|0.02194|-0.19027|0.88416|0.30868|-0.12265|0.44448|0.89674|-0.55232|0.73488|-0.47097|0.63026|0.48565|0.44359|-0.13586|0.26138|-0.51433|0.25504|0.24387|-0.78002|0.17483|0.57467|0.50397|-0.35248|-0.8841|0.39839|0.65248
