5.157000000000000000e+03 5.624000000000000000e+03 6.160000000000000000e+03 9.491000000000000000e+03 8.910000000000000000e+03 5.918000000000000000e+03 7.720000000000000000e+03 8.845000000000000000e+03 2.148000000000000000e+03 5.076000000000000000e+03
9.198000000000000000e+03 1.940000000000000000e+03 7.318000000000000000e+03 7.697000000000000000e+03 6.946000000000000000e+03 5.627000000000000000e+03 3.950000000000000000e+03 4.625000000000000000e+03 7.597000000000000000e+03 8.244000000000000000e+03
8.816000000000000000e+03 9.874000000000000000e+03 9.336000000000000000e+03 8.082000000000000000e+03 7.771000000000000000e+03 6.801000000000000000e+03 9.048000000000000000e+03 9.771000000000000000e+03 4.513000000000000000e+03 4.204000000000000000e+03
6.702000000000000000e+03 9.480000000000000000e+03 2.947000000000000000e+03 9.993000000000000000e+03 4.640000000000000000e+03 3.851000000000000000e+03 7.303000000000000000e+03 6.357000000000000000e+03 2.603000000000000000e+03 9.768000000000000000e+03
6.100000000000000000e+03 5.570000000000000000e+03 7.693000000000000000e+03 1.134000000000000000e+03 7.701000000000000000e+03 5.880000000000000000e+02 3.857000000000000000e+03 7.046000000000000000e+03 8.520000000000000000e+03 9.968000000000000000e+03
8.977000000000000000e+03 8.110000000000000000e+03 7.557000000000000000e+03 8.548000000000000000e+03 7.016000000000000000e+03 7.304000000000000000e+03 6.988000000000000000e+03 9.711000000000000000e+03 4.450000000000000000e+03 9.001000000000000000e+03
5.816000000000000000e+03 4.798000000000000000e+03 4.327000000000000000e+03 8.704000000000000000e+03 4.931000000000000000e+03 7.936000000000000000e+03 8.898000000000000000e+03 5.248000000000000000e+03 7.249000000000000000e+03 8.872000000000000000e+03
6.515000000000000000e+03 4.709000000000000000e+03 7.917000000000000000e+03 4.676000000000000000e+03 6.394000000000000000e+03 6.725000000000000000e+03 4.403000000000000000e+03 4.601000000000000000e+03 6.172000000000000000e+03 5.294000000000000000e+03
9.068000000000000000e+03 3.610000000000000000e+03 1.912000000000000000e+03 6.963000000000000000e+03 3.020000000000000000e+03 9.296000000000000000e+03 6.335000000000000000e+03 5.212000000000000000e+03 8.076000000000000000e+03 7.560000000000000000e+02
9.781000000000000000e+03 3.209000000000000000e+03 9.558000000000000000e+03 9.540000000000000000e+03 4.292000000000000000e+03 5.380000000000000000e+02 1.998000000000000000e+03 6.936000000000000000e+03 3.714000000000000000e+03 4.509000000000000000e+03
4.513000000000000000e+03 9.399000000000000000e+03 4.236000000000000000e+03 7.771000000000000000e+03 5.663000000000000000e+03 2.726000000000000000e+03 7.449000000000000000e+03 7.593000000000000000e+03 5.017000000000000000e+03 8.816000000000000000e+03
5.762000000000000000e+03 5.489000000000000000e+03 3.211000000000000000e+03 5.206000000000000000e+03 5.898000000000000000e+03 8.915000000000000000e+03 3.143000000000000000e+03 6.753000000000000000e+03 4.682000000000000000e+03 9.902000000000000000e+03
6.356000000000000000e+03 8.786000000000000000e+03 2.904000000000000000e+03 5.465000000000000000e+03 4.000000000000000000e+03 5.204000000000000000e+03 8.536000000000000000e+03 7.871000000000000000e+03 8.538000000000000000e+03 9.560000000000000000e+03
7.895000000000000000e+03 3.484000000000000000e+03 3.250000000000000000e+03 8.770000000000000000e+03 5.294000000000000000e+03 9.442000000000000000e+03 8.629000000000000000e+03 2.514000000000000000e+03 3.597000000000000000e+03 9.853000000000000000e+03
1.474000000000000000e+03 5.565000000000000000e+03 6.058000000000000000e+03 4.226000000000000000e+03 9.396000000000000000e+03 7.809000000000000000e+03 8.347000000000000000e+03 3.121000000000000000e+03 3.863000000000000000e+03 5.925000000000000000e+03
9.906000000000000000e+03 9.990000000000000000e+03 9.202000000000000000e+03 9.974000000000000000e+03 9.328000000000000000e+03 9.605000000000000000e+03 8.826000000000000000e+03 7.342000000000000000e+03 9.452000000000000000e+03 7.185000000000000000e+03
7.704000000000000000e+03 2.676000000000000000e+03 6.165000000000000000e+03 6.079000000000000000e+03 7.383000000000000000e+03 4.685000000000000000e+03 4.272000000000000000e+03 8.118000000000000000e+03 9.530000000000000000e+03 4.617000000000000000e+03
9.813000000000000000e+03 6.015000000000000000e+03 4.308000000000000000e+03 9.329000000000000000e+03 1.417000000000000000e+03 4.816000000000000000e+03 6.483000000000000000e+03 3.569000000000000000e+03 7.676000000000000000e+03 9.486000000000000000e+03
4.688000000000000000e+03 2.513000000000000000e+03 8.170000000000000000e+03 5.563000000000000000e+03 5.901000000000000000e+03 8.945000000000000000e+03 8.377000000000000000e+03 3.310000000000000000e+03 5.810000000000000000e+03 8.881000000000000000e+03
4.532000000000000000e+03 7.935000000000000000e+03 9.184000000000000000e+03 9.911000000000000000e+03 5.911000000000000000e+03 6.488000000000000000e+03 4.562000000000000000e+03 8.516000000000000000e+03 3.836000000000000000e+03 7.980000000000000000e+03
6.267000000000000000e+03 7.640000000000000000e+03 6.668000000000000000e+03 2.556000000000000000e+03 3.752000000000000000e+03 3.433000000000000000e+03 3.652000000000000000e+03 2.303000000000000000e+03 5.214000000000000000e+03 3.371000000000000000e+03
7.416000000000000000e+03 4.385000000000000000e+03 6.845000000000000000e+03 9.267000000000000000e+03 2.690000000000000000e+03 7.505000000000000000e+03 3.774000000000000000e+03 9.258000000000000000e+03 8.998000000000000000e+03 6.899000000000000000e+03
5.067000000000000000e+03 3.431000000000000000e+03 4.830000000000000000e+03 5.470000000000000000e+03 4.647000000000000000e+03 5.343000000000000000e+03 8.796000000000000000e+03 6.952000000000000000e+03 6.687000000000000000e+03 7.437000000000000000e+03
6.393000000000000000e+03 9.212000000000000000e+03 2.737000000000000000e+03 4.879000000000000000e+03 9.172000000000000000e+03 3.335000000000000000e+03 9.070000000000000000e+03 4.117000000000000000e+03 5.381000000000000000e+03 5.100000000000000000e+03
7.237000000000000000e+03 8.220000000000000000e+03 3.192000000000000000e+03 8.028000000000000000e+03 3.182000000000000000e+03 8.484000000000000000e+03 9.528000000000000000e+03 2.086000000000000000e+03 8.663000000000000000e+03 8.496000000000000000e+03
4.116000000000000000e+03 6.234000000000000000e+03 7.498000000000000000e+03 6.960000000000000000e+03 5.236000000000000000e+03 6.337000000000000000e+03 7.148000000000000000e+03 6.914000000000000000e+03 2.136000000000000000e+03 5.902000000000000000e+03
8.890000000000000000e+03 7.934000000000000000e+03 3.432000000000000000e+03 2.757000000000000000e+03 3.753000000000000000e+03 6.266000000000000000e+03 9.292000000000000000e+03 5.050000000000000000e+03 7.812000000000000000e+03 3.999000000000000000e+03
5.760000000000000000e+03 3.063000000000000000e+03 3.580000000000000000e+03 8.269000000000000000e+03 6.613000000000000000e+03 1.204000000000000000e+03 8.634000000000000000e+03 7.748000000000000000e+03 6.023000000000000000e+03 6.317000000000000000e+03
4.042000000000000000e+03 2.107000000000000000e+03 6.346000000000000000e+03 7.183000000000000000e+03 8.339000000000000000e+03 6.246000000000000000e+03 3.395000000000000000e+03 5.217000000000000000e+03 4.555000000000000000e+03 7.446000000000000000e+03
6.869000000000000000e+03 7.939000000000000000e+03 2.004000000000000000e+03 6.919000000000000000e+03 6.575000000000000000e+03 8.570000000000000000e+03 4.690000000000000000e+03 9.767000000000000000e+03 3.870000000000000000e+03 1.959000000000000000e+03
4.382000000000000000e+03 8.541000000000000000e+03 7.554000000000000000e+03 4.876000000000000000e+03 9.577000000000000000e+03 2.177000000000000000e+03 5.897000000000000000e+03 7.431000000000000000e+03 4.526000000000000000e+03 4.836000000000000000e+03
2.944000000000000000e+03 2.949000000000000000e+03 9.755000000000000000e+03 7.703000000000000000e+03 4.593000000000000000e+03 7.003000000000000000e+03 9.546000000000000000e+03 4.680000000000000000e+02 5.490000000000000000e+02 4.504000000000000000e+03
6.600000000000000000e+03 7.866000000000000000e+03 3.331000000000000000e+03 5.462000000000000000e+03 3.481000000000000000e+03 3.494000000000000000e+03 7.975000000000000000e+03 9.912000000000000000e+03 7.029000000000000000e+03 9.916000000000000000e+03
2.783000000000000000e+03 4.848000000000000000e+03 7.261000000000000000e+03 6.958000000000000000e+03 5.594000000000000000e+03 3.251000000000000000e+03 5.810000000000000000e+03 7.502000000000000000e+03 5.018000000000000000e+03 9.594000000000000000e+03
4.285000000000000000e+03 1.536000000000000000e+03 6.738000000000000000e+03 6.491000000000000000e+03 5.697000000000000000e+03 5.759000000000000000e+03 7.931000000000000000e+03 2.330000000000000000e+03 6.954000000000000000e+03 1.026000000000000000e+03
9.417000000000000000e+03 9.147000000000000000e+03 9.708000000000000000e+03 7.234000000000000000e+03 5.628000000000000000e+03 9.967000000000000000e+03 5.247000000000000000e+03 4.204000000000000000e+03 7.291000000000000000e+03 6.801000000000000000e+03
7.294000000000000000e+03 9.711000000000000000e+03 7.326000000000000000e+03 9.184000000000000000e+03 8.298000000000000000e+03 6.298000000000000000e+03 9.429000000000000000e+03 4.694000000000000000e+03 6.283000000000000000e+03 7.590000000000000000e+03
9.694000000000000000e+03 9.689000000000000000e+03 7.689000000000000000e+03 9.527000000000000000e+03 3.804000000000000000e+03 7.229000000000000000e+03 7.880000000000000000e+03 6.300000000000000000e+03 6.691000000000000000e+03 7.395000000000000000e+03
5.506000000000000000e+03 6.617000000000000000e+03 9.047000000000000000e+03 5.296000000000000000e+03 3.957000000000000000e+03 4.655000000000000000e+03 2.093000000000000000e+03 4.081000000000000000e+03 7.144000000000000000e+03 8.756000000000000000e+03
9.626000000000000000e+03 8.089000000000000000e+03 9.568000000000000000e+03 8.577000000000000000e+03 6.485000000000000000e+03 4.882000000000000000e+03 9.432000000000000000e+03 4.472000000000000000e+03 7.001000000000000000e+03 4.486000000000000000e+03
4.465000000000000000e+03 7.676000000000000000e+03 6.136000000000000000e+03 5.035000000000000000e+03 9.191000000000000000e+03 9.632000000000000000e+03 8.274000000000000000e+03 6.483000000000000000e+03 9.983000000000000000e+03 1.909000000000000000e+03
2.808000000000000000e+03 8.013000000000000000e+03 2.651000000000000000e+03 4.229000000000000000e+03 4.325000000000000000e+03 3.151000000000000000e+03 5.112000000000000000e+03 3.905000000000000000e+03 7.569000000000000000e+03 8.760000000000000000e+02
5.089000000000000000e+03 8.251000000000000000e+03 2.080000000000000000e+03 9.698000000000000000e+03 4.593000000000000000e+03 4.228000000000000000e+03 4.991000000000000000e+03 1.035000000000000000e+03 5.778000000000000000e+03 8.497000000000000000e+03
2.340000000000000000e+03 3.612000000000000000e+03 3.888000000000000000e+03 9.348000000000000000e+03 2.784000000000000000e+03 8.486000000000000000e+03 8.726000000000000000e+03 5.128000000000000000e+03 8.060000000000000000e+03 2.438000000000000000e+03
8.684000000000000000e+03 5.670000000000000000e+03 9.002000000000000000e+03 2.878000000000000000e+03 6.521000000000000000e+03 3.671000000000000000e+03 9.295000000000000000e+03 9.382000000000000000e+03 5.265000000000000000e+03 7.113000000000000000e+03
8.921000000000000000e+03 4.382000000000000000e+03 6.446000000000000000e+03 7.934000000000000000e+03 4.033000000000000000e+03 8.644000000000000000e+03 9.190000000000000000e+03 2.884000000000000000e+03 4.749000000000000000e+03 5.746000000000000000e+03
5.632000000000000000e+03 7.806000000000000000e+03 4.947000000000000000e+03 3.764000000000000000e+03 5.772000000000000000e+03 8.372000000000000000e+03 2.777000000000000000e+03 5.500000000000000000e+03 2.292000000000000000e+03 3.532000000000000000e+03
9.369000000000000000e+03 6.402000000000000000e+03 5.119000000000000000e+03 2.894000000000000000e+03 5.428000000000000000e+03 5.558000000000000000e+03 1.445000000000000000e+03 2.836000000000000000e+03 2.531000000000000000e+03 4.283000000000000000e+03
8.779000000000000000e+03 9.550000000000000000e+03 9.022000000000000000e+03 6.407000000000000000e+03 4.749000000000000000e+03 5.545000000000000000e+03 5.751000000000000000e+03 8.922000000000000000e+03 2.530000000000000000e+03 9.737000000000000000e+03
6.565000000000000000e+03 9.992000000000000000e+03 9.190000000000000000e+03 8.876000000000000000e+03 5.928000000000000000e+03 9.581000000000000000e+03 3.233000000000000000e+03 6.023000000000000000e+03 7.994000000000000000e+03 3.509000000000000000e+03
2.254000000000000000e+03 2.418000000000000000e+03 8.194000000000000000e+03 3.462000000000000000e+03 6.633000000000000000e+03 4.794000000000000000e+03 7.194000000000000000e+03 5.998000000000000000e+03 8.325000000000000000e+03 3.973000000000000000e+03
6.885000000000000000e+03 3.442000000000000000e+03 6.860000000000000000e+03 6.851000000000000000e+03 8.208000000000000000e+03 6.864000000000000000e+03 8.783000000000000000e+03 3.801000000000000000e+03 8.749000000000000000e+03 9.780000000000000000e+03
9.951000000000000000e+03 9.859000000000000000e+03 8.871000000000000000e+03 9.524000000000000000e+03 9.481000000000000000e+03 9.561000000000000000e+03 9.077000000000000000e+03 9.537000000000000000e+03 6.726000000000000000e+03 8.049000000000000000e+03
5.567000000000000000e+03 6.203000000000000000e+03 8.759000000000000000e+03 5.999000000000000000e+03 7.479000000000000000e+03 6.864000000000000000e+03 5.847000000000000000e+03 8.466000000000000000e+03 4.285000000000000000e+03 3.947000000000000000e+03
8.749000000000000000e+03 3.442000000000000000e+03 7.349000000000000000e+03 3.801000000000000000e+03 7.620000000000000000e+03 4.566000000000000000e+03 9.240000000000000000e+03 8.481000000000000000e+03 2.339000000000000000e+03 3.422000000000000000e+03
6.457000000000000000e+03 7.930000000000000000e+03 9.057000000000000000e+03 8.211000000000000000e+03 5.871000000000000000e+03 6.581000000000000000e+03 6.044000000000000000e+03 9.245000000000000000e+03 5.014000000000000000e+03 6.592000000000000000e+03
8.118000000000000000e+03 8.323000000000000000e+03 4.685000000000000000e+03 4.617000000000000000e+03 7.383000000000000000e+03 9.530000000000000000e+03 4.272000000000000000e+03 2.178000000000000000e+03 6.165000000000000000e+03 2.331000000000000000e+03
6.221000000000000000e+03 9.532000000000000000e+03 9.521000000000000000e+03 9.827000000000000000e+03 4.332000000000000000e+03 8.281000000000000000e+03 2.722000000000000000e+03 3.154000000000000000e+03 8.009000000000000000e+03 4.747000000000000000e+03
9.923000000000000000e+03 9.071000000000000000e+03 7.894000000000000000e+03 5.092000000000000000e+03 9.382000000000000000e+03 6.374000000000000000e+03 3.958000000000000000e+03 9.819000000000000000e+03 2.509000000000000000e+03 7.113000000000000000e+03
7.870000000000000000e+03 9.857000000000000000e+03 3.916000000000000000e+03 9.750000000000000000e+03 4.200000000000000000e+03 3.744000000000000000e+03 8.548000000000000000e+03 7.980000000000000000e+03 9.461000000000000000e+03 3.760000000000000000e+03
8.884000000000000000e+03 7.420000000000000000e+03 5.311000000000000000e+03 7.097000000000000000e+03 9.230000000000000000e+03 9.592000000000000000e+03 2.807000000000000000e+03 6.425000000000000000e+03 8.780000000000000000e+03 6.824000000000000000e+03
3.610000000000000000e+03 5.606000000000000000e+03 4.133000000000000000e+03 2.648000000000000000e+03 2.900000000000000000e+03 9.672000000000000000e+03 8.813000000000000000e+03 5.689000000000000000e+03 4.269000000000000000e+03 7.325000000000000000e+03
6.544000000000000000e+03 4.874000000000000000e+03 4.647000000000000000e+03 6.999000000000000000e+03 6.413000000000000000e+03 4.893000000000000000e+03 2.936000000000000000e+03 5.067000000000000000e+03 5.037000000000000000e+03 3.605000000000000000e+03
9.247000000000000000e+03 5.308000000000000000e+03 9.033000000000000000e+03 3.936000000000000000e+03 9.372000000000000000e+03 6.291000000000000000e+03 3.753000000000000000e+03 9.876000000000000000e+03 6.675000000000000000e+03 7.329000000000000000e+03
9.070000000000000000e+03 2.373000000000000000e+03 5.754000000000000000e+03 5.272000000000000000e+03 1.110000000000000000e+03 5.998000000000000000e+03 7.432000000000000000e+03 3.564000000000000000e+03 9.532000000000000000e+03 9.706000000000000000e+03
6.861000000000000000e+03 9.368000000000000000e+03 1.949000000000000000e+03 5.190000000000000000e+03 3.154000000000000000e+03 6.139000000000000000e+03 3.182000000000000000e+03 9.835000000000000000e+03 6.814000000000000000e+03 6.231000000000000000e+03
6.349000000000000000e+03 9.336000000000000000e+03 7.234000000000000000e+03 4.537000000000000000e+03 5.025000000000000000e+03 9.708000000000000000e+03 7.291000000000000000e+03 9.417000000000000000e+03 9.048000000000000000e+03 8.082000000000000000e+03
7.975000000000000000e+03 6.600000000000000000e+03 4.450000000000000000e+03 7.948000000000000000e+03 9.184000000000000000e+03 9.912000000000000000e+03 3.244000000000000000e+03 7.029000000000000000e+03 3.331000000000000000e+03 7.866000000000000000e+03
5.163000000000000000e+03 8.912000000000000000e+03 7.543000000000000000e+03 3.958000000000000000e+03 5.740000000000000000e+03 4.300000000000000000e+03 8.719000000000000000e+03 9.911000000000000000e+03 5.099000000000000000e+03 9.184000000000000000e+03
6.611000000000000000e+03 9.518000000000000000e+03 6.162000000000000000e+03 2.383000000000000000e+03 4.847000000000000000e+03 8.479000000000000000e+03 7.530000000000000000e+03 9.599000000000000000e+03 6.277000000000000000e+03 4.058000000000000000e+03
5.545000000000000000e+03 5.303000000000000000e+03 5.671000000000000000e+03 8.894000000000000000e+03 6.423000000000000000e+03 9.989000000000000000e+03 2.243000000000000000e+03 5.023000000000000000e+03 7.200000000000000000e+03 3.047000000000000000e+03
6.862000000000000000e+03 1.541000000000000000e+03 3.572000000000000000e+03 8.469000000000000000e+03 1.059000000000000000e+03 3.990000000000000000e+03 8.109000000000000000e+03 8.819000000000000000e+03 2.691000000000000000e+03 3.829000000000000000e+03
3.228000000000000000e+03 7.582000000000000000e+03 4.625000000000000000e+03 4.073000000000000000e+03 1.940000000000000000e+03 7.967000000000000000e+03 5.537000000000000000e+03 4.657000000000000000e+03 3.422000000000000000e+03 9.104000000000000000e+03
7.858000000000000000e+03 5.998000000000000000e+03 8.664000000000000000e+03 2.172000000000000000e+03 1.510000000000000000e+03 4.980000000000000000e+03 3.765000000000000000e+03 1.261000000000000000e+03 5.686000000000000000e+03 9.831000000000000000e+03
6.407000000000000000e+03 6.682000000000000000e+03 4.441000000000000000e+03 3.832000000000000000e+03 9.194000000000000000e+03 8.185000000000000000e+03 5.814000000000000000e+03 6.900000000000000000e+03 6.557000000000000000e+03 7.676000000000000000e+03
9.344000000000000000e+03 3.568000000000000000e+03 6.410000000000000000e+03 6.753000000000000000e+03 9.465000000000000000e+03 6.622000000000000000e+03 4.682000000000000000e+03 8.733000000000000000e+03 4.765000000000000000e+03 4.864000000000000000e+03
6.604000000000000000e+03 5.290000000000000000e+03 4.543000000000000000e+03 9.920000000000000000e+03 6.716000000000000000e+03 5.561000000000000000e+03 5.273000000000000000e+03 7.485000000000000000e+03 6.382000000000000000e+03 9.725000000000000000e+03
8.545000000000000000e+03 9.794000000000000000e+03 9.806000000000000000e+03 6.719000000000000000e+03 8.019000000000000000e+03 6.550000000000000000e+03 4.852000000000000000e+03 6.902000000000000000e+03 8.987000000000000000e+03 7.995000000000000000e+03
7.276000000000000000e+03 6.418000000000000000e+03 3.116000000000000000e+03 1.868000000000000000e+03 3.555000000000000000e+03 9.478000000000000000e+03 6.831000000000000000e+03 7.255000000000000000e+03 8.298000000000000000e+03 8.263000000000000000e+03
9.417000000000000000e+03 9.967000000000000000e+03 9.947000000000000000e+03 9.147000000000000000e+03 7.937000000000000000e+03 5.628000000000000000e+03 2.016000000000000000e+03 6.432000000000000000e+03 9.708000000000000000e+03 5.025000000000000000e+03
8.365000000000000000e+03 6.869000000000000000e+03 8.671000000000000000e+03 7.510000000000000000e+03 5.386000000000000000e+03 9.795000000000000000e+03 7.376000000000000000e+03 2.320000000000000000e+03 2.730000000000000000e+03 2.243000000000000000e+03
7.253000000000000000e+03 4.404000000000000000e+03 7.322000000000000000e+03 5.101000000000000000e+03 2.374000000000000000e+03 2.396000000000000000e+03 5.000000000000000000e+03 8.534000000000000000e+03 6.177000000000000000e+03 5.018000000000000000e+03
3.988000000000000000e+03 9.191000000000000000e+03 5.822000000000000000e+03 5.749000000000000000e+03 5.533000000000000000e+03 8.274000000000000000e+03 7.876000000000000000e+03 9.632000000000000000e+03 3.418000000000000000e+03 4.576000000000000000e+03
3.789000000000000000e+03 7.570000000000000000e+03 2.429000000000000000e+03 7.373000000000000000e+03 9.608000000000000000e+03 7.759000000000000000e+03 2.954000000000000000e+03 7.119000000000000000e+03 6.522000000000000000e+03 2.693000000000000000e+03
7.071000000000000000e+03 6.894000000000000000e+03 8.427000000000000000e+03 2.776000000000000000e+03 9.904000000000000000e+03 8.290000000000000000e+03 6.472000000000000000e+03 3.650000000000000000e+03 9.300000000000000000e+02 4.963000000000000000e+03
8.625000000000000000e+03 3.931000000000000000e+03 6.586000000000000000e+03 5.263000000000000000e+03 7.449000000000000000e+03 6.016000000000000000e+03 8.967000000000000000e+03 5.162000000000000000e+03 7.380000000000000000e+03 7.819000000000000000e+03
2.949000000000000000e+03 1.783000000000000000e+03 8.874000000000000000e+03 2.806000000000000000e+03 9.153000000000000000e+03 4.950000000000000000e+03 8.109000000000000000e+03 2.944000000000000000e+03 3.815000000000000000e+03 8.464000000000000000e+03
6.660000000000000000e+03 9.267000000000000000e+03 7.416000000000000000e+03 7.229000000000000000e+03 2.690000000000000000e+03 3.325000000000000000e+03 7.395000000000000000e+03 8.998000000000000000e+03 5.304000000000000000e+03 9.903000000000000000e+03
1.418000000000000000e+03 5.279000000000000000e+03 2.822000000000000000e+03 1.407000000000000000e+03 9.369000000000000000e+03 4.547000000000000000e+03 4.715000000000000000e+03 6.483000000000000000e+03 3.070000000000000000e+03 7.676000000000000000e+03
8.392000000000000000e+03 7.910000000000000000e+03 8.534000000000000000e+03 8.663000000000000000e+03 3.634000000000000000e+03 6.352000000000000000e+03 3.532000000000000000e+03 5.018000000000000000e+03 7.322000000000000000e+03 6.175000000000000000e+03
4.743000000000000000e+03 5.795000000000000000e+03 1.738000000000000000e+03 8.260000000000000000e+03 1.437000000000000000e+03 9.525000000000000000e+03 5.618000000000000000e+03 1.339000000000000000e+03 2.441000000000000000e+03 7.196000000000000000e+03
7.429000000000000000e+03 7.674000000000000000e+03 4.173000000000000000e+03 7.863000000000000000e+03 7.658000000000000000e+03 5.038000000000000000e+03 5.073000000000000000e+03 6.374000000000000000e+03 8.279000000000000000e+03 3.749000000000000000e+03
3.129000000000000000e+03 4.399000000000000000e+03 2.597000000000000000e+03 5.202000000000000000e+03 2.145000000000000000e+03 4.214000000000000000e+03 6.394000000000000000e+03 4.715000000000000000e+03 4.591000000000000000e+03 8.557000000000000000e+03
9.134000000000000000e+03 8.228000000000000000e+03 7.738000000000000000e+03 8.934000000000000000e+03 7.031000000000000000e+03 6.839000000000000000e+03 6.888000000000000000e+03 6.319000000000000000e+03 9.434000000000000000e+03 7.623000000000000000e+03
8.169000000000000000e+03 6.130000000000000000e+03 5.667000000000000000e+03 3.725000000000000000e+03 5.861000000000000000e+03 6.725000000000000000e+03 9.855000000000000000e+03 8.288000000000000000e+03 6.172000000000000000e+03 9.490000000000000000e+03
2.027000000000000000e+03 4.884000000000000000e+03 6.842000000000000000e+03 2.143000000000000000e+03 3.974000000000000000e+03 8.748000000000000000e+03 6.672000000000000000e+03 9.264000000000000000e+03 7.654000000000000000e+03 6.694000000000000000e+03
8.328000000000000000e+03 4.035000000000000000e+03 2.386000000000000000e+03 4.294000000000000000e+03 6.070000000000000000e+03 3.644000000000000000e+03 4.421000000000000000e+03 6.602000000000000000e+03 6.971000000000000000e+03 6.810000000000000000e+03
3.193000000000000000e+03 9.395000000000000000e+03 8.677000000000000000e+03 3.354000000000000000e+03 1.432000000000000000e+03 3.342000000000000000e+03 4.762000000000000000e+03 3.995000000000000000e+03 7.110000000000000000e+02 2.114000000000000000e+03
7.302000000000000000e+03 3.097000000000000000e+03 9.646000000000000000e+03 9.303000000000000000e+03 8.728000000000000000e+03 3.140000000000000000e+03 8.582000000000000000e+03 5.813000000000000000e+03 5.203000000000000000e+03 7.799000000000000000e+03
9.494000000000000000e+03 9.317000000000000000e+03 9.373000000000000000e+03 9.923000000000000000e+03 9.911000000000000000e+03 4.130000000000000000e+03 8.417000000000000000e+03 5.163000000000000000e+03 4.108000000000000000e+03 6.149000000000000000e+03
